Test
Test
Test
Test
Test
0
1
7
0
0
4
0
0
13
0
0
54
0
0
40
0
24
21
0
4
4
0
3
4
0
3
3
0
3
3
0
3
3
0
0
44
0
0
62
0
0
37
0
0
64
0
0
33
0
0
73
0
0
6
0
0
132
0
0
18
0
0
0
0
0
4
0
0
86
0
8
12
0
16
153
0
223
445
0
5
58
0
3
37
0
3
40
0
2
15
0
2
42
0
3
37
0
3
6
0
3
35
0
3
52
0
272
181
0
5
42
0
16
49
0
14
79
0
12
49
0
1
9
0
20
85
0
0
92
0
0
178
0
0
117
0
0
140
0
0
45
0
0
17
0
0
106
0
0
122
0
0
35
0
0
35
0
0
35
0
0
79
0
0
63
0
0
62
0
0
47
0
0
85
0
0
123
0
0
0
0
0
63
0
0
76
0
0
60
0
0
54
0
0
94
0
0
78
0
0
72
0
0
108
0
0
68
0
0
42
0
0
41
0
0
44
0
0
39
0
0
63
0
0
68
0
0
39
0
0
0
